Run semi-empirical minimization
 &qmmm
    qm_theory='AM1', grms_tol=0.0005,
 scfconv=1.d-10, ndiis_attempts=700,   qmcharge=-3,
 /
  15    PB        0.8100      -12.7900       43.9900 
   8   O1B       -0.6310      -12.4280       44.2920 
   8   O2B        0.9930      -14.2490       43.6750 
   8   O3B        1.7910      -12.2940       45.0430 
   8   O3A        1.2020      -12.0880       42.5890 
  15    PA        0.5840      -10.7870       41.9240 
   8   O1A       -0.7060      -11.0720       41.2900 
   8   O2A        0.6640       -9.6430       42.9080 
   8   O5'        1.6430      -10.5140       40.7660 
   6   C5'        3.0310      -10.3000       41.0750 
   6   C4'        3.6580       -9.4520       39.9720 
   8   O4'        3.6350      -10.1660       38.7330 
   6   C3'        2.8620       -8.2070       39.7210 
   8   O3'        3.7630       -7.1460       39.3590 
   6   C2'        1.9400       -8.5090       38.5730 
   8   O2'        1.7080       -7.3890       37.7150 
   6   C1'        2.8220       -9.4470       37.8000 
   7    N9        2.1430      -10.5020       36.9950 
   6    C8        1.3180      -11.4560       37.5120 
   7    N7        0.9050      -12.3250       36.5730 
   6    C5        1.4780      -11.9340       35.4130 
   6    C6        1.4970      -12.4200       34.0620 
   8    O6        0.9130      -13.4430       33.6920 
   7    N1        2.2300      -11.6770       33.2130 
   6    C2        2.9460      -10.5960       33.5340 
   7    N2        3.6330       -9.9320       32.5770 
   7    N3        2.9950      -10.0790       34.7490 
   6    C4        2.2770      -10.7420       35.6990 

